       1       2      6.6  0.6931   1.883  -0.005                                               
       1       4    105.1  1.3863   4.655  -0.005                                             
       1       6    231.7  1.7918   5.445  -0.005                                              
       1       8    515.7  2.0794   6.246  -0.005                                                
       1      10   1033.3  2.3026   6.940  -0.005
       1      12   1449.5  2.4849   7.279  -0.005
       1      14   3348.3  2.6391   8.116  -0.005
       1      16   3978.7  2.7726   8.289  -0.005
       1      18   5415.0  2.8904   8.597  -0.005
       1      20   8133.9  2.9957   9.004  -0.005
       2       2      8.1  0.6931   2.089   0.214
       2       4     68.4  1.3863   4.225   0.214
       2       6    256.4  1.7918   5.547   0.214
       2       8    737.8  2.0794   6.604   0.214
       2      10   1688.8  2.3026   7.432   0.214
       2      12   1974.7  2.4849   7.588   0.214
       2      14   3861.4  2.6391   8.259   0.214
       2      16   3612.9  2.7726   8.192   0.214
       2      18   6613.3  2.8904   8.797   0.214
       2      20  11174.6  2.9957   9.321   0.214
       3       2      8.5  0.6931   2.142  -0.117
       3       4     59.0  1.3863   4.077  -0.117
       3       6    184.3  1.7918   5.217  -0.117
       3       8    561.9  2.0794   6.331  -0.117
       3      10   1089.4  2.3026   6.993  -0.117
       3      12   1744.7  2.4849   7.464  -0.117
       3      14   2086.9  2.6391   7.643  -0.117
       3      16   3865.7  2.7726   8.260  -0.117
       3      18   5296.3  2.8904   8.575  -0.117
       3      20   6444.8  2.9957   8.771  -0.117
       4       2      6.0  0.6931   1.788  -0.255
       4       4     83.3  1.3863   4.422  -0.255
       4       6    131.0  1.7918   4.876  -0.255
       4       8    418.7  2.0794   6.037  -0.255
       4      10    531.3  2.3026   6.275  -0.255
       4      12   1817.3  2.4849   7.505  -0.255
       4      14   2409.8  2.6391   7.787  -0.255
       4      16   5348.1  2.7726   8.584  -0.255
       4      18   5321.5  2.8904   8.580  -0.255
       4      20   6283.6  2.9957   8.746  -0.255
       5       2      9.6  0.6931   2.267   0.217
       5       4     77.4  1.3863   4.349   0.217
       5       6    291.3  1.7918   5.674   0.217
       5       8    603.8  2.0794   6.403   0.217
       5      10   1451.5  2.3026   7.280   0.217
       5      12   2556.6  2.4849   7.846   0.217
       5      14   5445.8  2.6391   8.603   0.217
       5      16   3483.6  2.7726   8.156   0.217
       5      18   6210.7  2.8904   8.734   0.217
       5      20  11013.2  2.9957   9.307   0.217
       6       2      4.2  0.6931   1.437  -0.040
       6       4     52.5  1.3863   3.961  -0.040
       6       6    198.0  1.7918   5.288  -0.040
       6       8    390.6  2.0794   5.968  -0.040
       6      10    948.3  2.3026   6.855  -0.040
       6      12   1861.2  2.4849   7.529  -0.040
       6      14   2305.0  2.6391   7.743  -0.040
       6      16   2854.9  2.7726   7.957  -0.040
       6      18   5287.4  2.8904   8.573  -0.040
       6      20   5640.7  2.9957   8.638  -0.040
       7       2      8.8  0.6931   2.179   0.157
       7       4     73.0  1.3863   4.290   0.157
       7       6    205.7  1.7918   5.326   0.157
       7       8    614.6  2.0794   6.421   0.157
       7      10   1412.7  2.3026   7.253   0.157
       7      12   1415.8  2.4849   7.255   0.157
       7      14   2518.0  2.6391   7.831   0.157
       7      16   3371.0  2.7726   8.123   0.157
       7      18   8811.5  2.8904   9.084   0.157
       7      20   9928.7  2.9957   9.203   0.157
       8       2     10.8  0.6931   2.384   0.242
       8       4     71.6  1.3863   4.271   0.242
       8       6    398.0  1.7918   5.986   0.242
       8       8    718.6  2.0794   6.577   0.242
       8      10    991.7  2.3026   6.899   0.242
       8      12   1731.4  2.4849   7.457   0.242
       8      14   3683.5  2.6391   8.212   0.242
       8      16   5094.6  2.7726   8.536   0.242
       8      18   7142.1  2.8904   8.874   0.242
       8      20  12247.7  2.9957   9.413   0.242
       9       2      5.4  0.6931   1.681  -0.494
       9       4     45.7  1.3863   3.823  -0.494
       9       6    137.2  1.7918   4.921  -0.494
       9       8    300.5  2.0794   5.705  -0.494
       9      10    556.4  2.3026   6.321  -0.494
       9      12   1327.1  2.4849   7.191  -0.494
       9      14   1772.5  2.6391   7.480  -0.494
       9      16   2148.9  2.7726   7.673  -0.494
       9      18   5791.4  2.8904   8.664  -0.494
       9      20   4729.2  2.9957   8.462  -0.494
      10       2      8.8  0.6931   2.170   0.048
      10       4     70.7  1.3863   4.259   0.048
      10       6    236.3  1.7918   5.465   0.048
      10       8    698.7  2.0794   6.549   0.048
      10      10   1072.2  2.3026   6.977   0.048
      10      12   2483.8  2.4849   7.818   0.048
      10      14   2049.0  2.6391   7.625   0.048
      10      16   5296.8  2.7726   8.575   0.048
      10      18   7191.2  2.8904   8.881   0.048
      10      20  10160.5  2.9957   9.226   0.048
