Subject Age Length  Linf                   
1   4.903   54.131  86.922                 
1   9.996   75.290  86.922                
1   3.922   47.212  86.922               
1   2.915   38.468  86.922                
1	6.351	62.542	86.922						
1	2.382	33.122	86.922						
1	6.348	62.532	86.922						
1	6.598	63.705	86.922						
1	7.851	68.932	86.922						
1	8.113	69.728	86.922						
2	2.832	40.777	94.074						
2	7.794	74.026	94.074						
2	7.703	73.966	94.074						
2	1.687	27.155	94.074						
2	6.619	68.902	94.074						
2	2.467	36.542	94.074
2	3.987	51.649	94.074
2	2.015	31.243	94.074
2	4.827	58.135	94.074
2	9.319	79.450	94.074
3	1.901	35.221	110.450
3	2.494	43.375	110.450
3	4.209	62.764	110.450
3	8.969	92.024	110.450
3	4.268	63.403	110.450
3	9.919	95.324	110.450
3	4.924	69.250	110.450
3	8.826	91.455	110.450
3	1.189	23.392	110.450
3	6.083	77.767	110.450
4	9.311	85.416	101.014
4	3.258	48.285	101.014
4	7.878	80.316	101.014
4	8.129	81.154	101.014
4	3.450	50.291	101.014
4	6.619	74.198	101.014
4	3.217	48.093	101.014
4	6.093	71.099	101.014
4	2.429	38.961	101.014
4	3.065	46.288	101.014
5	9.371	75.962	89.877
5	1.845	27.736	89.877
5	2.648	36.984	89.877
5	4.436	52.803	89.877
5	8.476	73.429	89.877
5	8.304	72.820	89.877
5	7.670	70.541	89.877
5	7.518	69.841	89.877
5	5.963	62.537	89.877
5	3.515	45.247	89.877
6	9.689	84.446	98.671
6	6.551	71.911	98.671
6	7.473	76.593	98.671
6	3.532	50.075	98.671
6	6.481	71.795	98.671
6	2.612	40.092	98.671
6	9.217	82.942	98.671
6	9.593	84.287	98.671
6	7.928	78.614	98.671
6	4.884	61.778	98.671
7	5.708	69.809	102.715
7	5.614	69.172	102.715
7	3.785	54.617	102.715
7	6.505	74.862	102.715
7	8.994	85.618	102.715
7	5.746	70.142	102.715
7	2.173	35.952	102.715
7	8.228	82.839	102.715
7	4.430	60.091	102.715
7	7.054	77.657	102.715
8	4.068	60.608	109.055
8	5.491	72.706	109.055
8	6.142	76.985	109.055
8	9.967	94.134	109.055
8	5.032	69.261	109.055
8	9.910	94.080	109.055
8	5.629	73.679	109.055
8	3.514	55.122	109.055
8	8.033	87.116	109.055
8	8.162	87.682	109.055
9	3.958	49.271	89.878
9	3.758	47.395	89.878
9	7.276	69.011	89.878
9	1.092	17.536	89.878
9	3.747	47.414	89.878
9	1.006	16.450	89.878
9	1.508	23.506	89.878
9	6.342	64.464	89.878
9	8.019	71.616	89.878
9	5.550	60.159	89.878
10	5.383	57.338	87.197
10	1.060	16.513	87.197
10	2.460	33.829	87.197
10	2.042	29.203	87.197
10	3.291	42.074	87.197
10	1.893	27.429	87.197
10	9.812	75.047	87.197
10	9.697	74.578	87.197
10	1.824	26.741	87.197
10	4.462	51.614	87.197
